998,10.309957 999,0.045484 1,0.026921 2,0.035545
999,1.379270 0,0.026921 2,0.008661 3,0.033244
0,0.035545 1,0.008661 3,0.025733 4,0.046312
1,0.033244 2,0.025733 4,0.021715 5,0.066482
2,0.046312 3,0.021715 5,0.044816 6,0.096634
3,0.066482 4,0.044816 6,0.106447 7,0.213194
4,0.096634 5,0.106447 7,0.108591 8,0.108558
5,0.213194 6,0.108591 8,0.003541 9,0.055349
6,0.108558 7,0.003541 9,0.053555 10,0.088615
7,0.055349 8,0.053555 10,0.046940 11,0.439422
8,0.088615 9,0.046940 11,0.442786 12,0.320035
9,0.439422 10,0.442786 12,0.123254 13,0.065514
10,0.320035 11,0.123254 13,0.188027 14,0.257631
11,0.065514 12,0.188027 14,0.069647 15,0.562086
12,0.257631 13,0.069647 15,0.631527 16,0.035133
13,0.562086 14,0.631527 16,0.603543 17,0.647140
14,0.035133 15,0.603543 17,0.043776 18,0.028274
15,0.647140 16,0.043776 18,0.015809 19,0.180380
16,0.028274 17,0.015809 19,0.164582 20,0.078982
17,0.180380 18,0.164582 20,0.239423 21,0.253166
18,0.078982 19,0.239423 21,0.014436 22,0.071250
19,0.253166 20,0.014436 22,0.084551 23,0.048305
20,0.071250 21,0.084551 23,0.036392 24,0.096640
21,0.048305 22,0.036392 24,0.060257 25,0.021329
22,0.096640 23,0.060257 25,0.042170 26,0.089612
23,0.021329 24,0.042170 26,0.047442 27,0.018232
24,0.089612 25,0.047442 27,0.030187 28,0.068534
25,0.018232 26,0.030187 28,0.038373 29,0.235882
26,0.068534 27,0.038373 29,0.274163 30,0.129555
27,0.235882 28,0.274163 30,0.403700 31,7.892318
28,0.129555 29,0.403700 31,7.489330 32,0.099662
29,7.892318 30,7.489330 32,7.588989 33,0.048399
30,0.099662 31,7.588989 33,7.637379 34,7.603910
31,0.048399 32,7.637379 34,0.033700 35,7.963196
32,7.603910 33,0.033700 35,7.929733 36,0.004893
33,7.963196 34,7.929733 36,7.934446 37,0.283706
34,0.004893 35,7.934446 37,7.651578 38,8.321170
35,0.283706 36,7.651578 38,0.670685 39,7.703370
36,8.321170 37,0.670685 39,8.372981 40,0.644634
37,7.703370 38,8.372981 40,7.729626 41,7.708435
38,0.644634 39,7.729626 41,0.021362 42,7.736173
39,7.708435 40,0.021362 42,7.714980 43,0.153376
40,7.736173 41,7.714980 43,7.868209 44,7.757909
41,0.153376 42,7.868209 44,0.110593 45,0.210302
42,7.757909 43,0.110593 45,0.099710 46,0.611520
43,0.210302 44,0.099710 46,0.711206 47,7.651033
44,0.611520 45,0.711206 47,8.361138 48,8.336003
45,7.651033 46,8.361138 48,0.025368 49,7.573190
46,8.336003 47,0.025368 49,7.548034 50,1.472880
47,7.573190 48,7.548034 50,9.018801 51,0.517750
48,1.472880 49,9.018801 51,9.535790 52,1.566695
49,0.517750 50,9.535790 52,7.972284 53,0.538661
50,1.566695 51,7.972284 53,7.434507 54,0.132401
51,0.538661 52,7.434507 54,7.566784 55,0.130488
52,0.132401 53,7.566784 55,7.697146 56,7.492217
53,0.130488 54,7.697146 56,0.205243 57,0.596490
54,7.492217 55,0.205243 57,0.801732 58,0.168393
55,0.596490 56,0.801732 58,0.633721 59,8.324809
56,0.168393 57,0.633721 59,7.692667 60,7.509513
57,8.324809 58,7.692667 60,0.183440 61,7.629340
58,7.509513 59,0.183440 61,7.446179 62,7.940465
59,7.629340 60,7.446179 62,0.494891 63,0.193593
60,7.940465 61,0.494891 63,0.301484 64,9.491105
61,0.193593 62,0.301484 64,9.190616 65,0.180318
62,9.491105 63,9.190616 65,9.010730 66,9.196534
63,0.180318 64,9.010730 66,0.185984 67,0.045891
64,9.196534 65,0.185984 67,0.231431 68,0.205803
65,0.045891 66,0.231431 68,0.025668 69,0.157604
66,0.205803 67,0.025668 69,0.131955 70,0.131510
67,0.157604 68,0.131955 70,0.000447 71,0.101391
68,0.131510 69,0.000447 71,0.100946 72,0.079203
69,0.101391 70,0.100946 72,0.021778 73,0.174850
70,0.079203 71,0.021778 73,0.196594 74,0.421603
71,0.174850 72,0.196594 74,0.618195 75,0.212545
72,0.421603 73,0.618195 75,0.405715 76,0.491742
73,0.212545 74,0.405715 76,0.086052 77,0.454689
74,0.491742 75,0.086052 77,0.540673 78,0.818938
75,0.454689 76,0.540673 78,0.278269 79,0.684558
76,0.818938 77,0.278269 79,0.962827 80,0.035246
77,0.684558 78,0.962827 80,0.927608 81,0.396591
78,0.035246 79,0.927608 81,0.531032 82,8.420336
79,0.396591 80,0.531032 82,7.890252 83,7.855581
80,8.420336 81,7.890252 83,0.034945 84,7.549756
81,7.855581 82,0.034945 84,7.515072 85,7.497885
82,7.549756 83,7.515072 85,0.017241 86,0.142443
83,7.497885 84,0.017241 86,0.159678 87,0.398957
84,0.142443 85,0.159678 87,0.239280 88,7.482066
85,0.398957 86,0.239280 88,7.721094 89,7.774848
86,7.482066 87,7.721094 89,0.053829 90,0.006054
87,7.774848 88,0.053829 90,0.047798 91,0.057929
88,0.006054 89,0.047798 91,0.010134 92,7.494938
89,0.057929 90,0.010134 92,7.484844 93,7.737927
90,7.494938 91,7.484844 93,0.253455 94,0.340924
91,7.737927 92,0.253455 94,0.087470 95,7.893339
92,0.340924 93,0.087470 95,7.980701 96,8.057259
93,7.893339 94,7.980701 96,0.076668 97,7.428210
94,8.057259 95,0.076668 97,7.504785 98,7.841717
95,7.428210 96,7.504785 98,0.337389 99,0.221355
96,7.841717 97,0.337389 99,0.116050 100,7.606642
97,0.221355 98,0.116050 100,7.490822 101,0.490816
98,7.606642 99,7.490822 101,7.981003 102,8.319090
99,0.490816 100,7.981003 102,0.338664 103,0.276555
100,8.319090 101,0.338664 103,0.062117 104,9.963620
101,0.276555 102,0.062117 104,9.901720 105,0.933374
102,9.963620 103,9.901720 105,8.970539 106,1.398313
103,0.933374 104,8.970539 106,7.574707 107,0.087743
104,1.398313 105,7.574707 107,7.662372 108,0.000888
105,0.087743 106,7.662372 108,7.662959 109,0.065777
106,0.000888 107,7.662959 109,7.728659 110,8.498330
107,0.065777 108,7.728659 110,0.770939 111,0.410233
108,8.498330 109,0.770939 111,0.360716 112,0.259275
109,0.410233 110,0.360716 112,0.101493 113,7.919440
110,0.259275 111,0.101493 113,8.020876 114,0.096671
111,7.919440 112,8.020876 114,7.924441 115,7.347172
112,0.096671 113,7.924441 115,0.578138 116,0.426998
113,7.347172 114,0.578138 116,1.005136 117,0.399179
114,0.426998 115,1.005136 117,0.605995 118,1.062938
115,0.399179 116,0.605995 118,0.456955 119,0.365530
116,1.062938 117,0.456955 119,0.091433 120,0.692620
117,0.365530 118,0.091433 120,0.601191 121,0.718522
118,0.692620 119,0.601191 121,0.117332 122,8.200889
119,0.718522 120,0.117332 122,8.318039 123,0.086854
120,8.200889 121,8.318039 123,8.231402 124,7.539042
121,0.086854 122,8.231402 124,0.693607 125,0.072858
122,7.539042 123,0.693607 125,0.620879 126,0.140633
123,0.072858 124,0.620879 126,0.761477 127,0.739812
124,0.140633 125,0.761477 127,0.022386 128,0.119947
125,0.739812 126,0.022386 128,0.098097 129,0.195914
126,0.119947 127,0.098097 129,0.097818 130,0.979719
127,0.195914 128,0.097818 130,0.881911 131,0.004466
128,0.979719 129,0.881911 131,0.877482 132,1.005030
129,0.004466 130,0.877482 132,0.127551 133,0.907766
130,1.005030 131,0.127551 133,1.035315 134,0.050832
131,0.907766 132,1.035315 134,1.086147 135,0.904691
132,0.050832 133,1.086147 135,0.181463 136,0.216556
133,0.904691 134,0.181463 136,0.035094 137,0.865287
134,0.216556 135,0.035094 137,0.830194 138,0.059392
135,0.865287 136,0.830194 138,0.889581 139,9.812624
136,0.059392 137,0.889581 139,8.925020 140,8.925036
137,9.812624 138,8.925020 140,0.000018 141,8.951389
138,8.925036 139,0.000018 141,8.951405 142,8.867785
139,8.951389 140,8.951405 142,0.083837 143,0.226247
140,8.867785 141,0.083837 143,0.142411 144,0.075282
141,0.226247 142,0.142411 144,0.217661 145,0.231923
142,0.075282 143,0.217661 145,0.014262 146,0.144216
143,0.231923 144,0.014262 146,0.158477 147,0.009700
144,0.144216 145,0.158477 147,0.148860 148,1.080717
145,0.009700 146,0.148860 148,0.931862 149,0.012505
146,1.080717 147,0.931862 149,0.919443 150,0.944106
147,0.012505 148,0.919443 150,0.024664 151,0.009914
148,0.944106 149,0.024664 151,0.034549 152,0.028517
149,0.009914 150,0.034549 152,0.006034 153,0.014867
150,0.028517 151,0.006034 153,0.008846 154,9.051468
151,0.014867 152,0.008846 154,9.042741 155,0.102129
152,9.051468 153,9.042741 155,8.941048 156,9.607828
153,0.102129 154,8.941048 156,0.668203 157,0.103972
154,9.607828 155,0.668203 157,0.564238 158,0.823270
155,0.103972 156,0.564238 158,0.259033 159,0.738107
156,0.823270 157,0.259033 159,0.997139 160,0.029542
157,0.738107 158,0.997139 160,0.967640 161,0.109310
158,0.029542 159,0.967640 161,1.076929 162,0.007701
159,0.109310 160,1.076929 162,1.083923 163,0.929264
160,0.007701 161,1.083923 163,0.154693 164,0.735161
161,0.929264 162,0.154693 164,0.580485 165,0.677622
162,0.735161 163,0.580485 165,0.097145 166,0.741031
163,0.677622 164,0.097145 166,0.838164 167,0.883730
164,0.741031 165,0.838164 167,0.045731 168,0.064804
165,0.883730 166,0.045731 168,0.019130 169,0.599334
166,0.064804 167,0.019130 169,0.618463 170,0.350562
167,0.599334 168,0.618463 170,0.267918 171,0.618662
168,0.350562 169,0.267918 171,0.886579 172,0.363057
169,0.618662 170,0.886579 172,1.249627 173,8.425412
170,0.363057 171,1.249627 173,7.177699 174,0.281699
171,8.425412 172,7.177699 174,7.459055 175,7.531666
172,0.281699 173,7.459055 175,0.072707 176,0.721229
173,7.531666 174,0.072707 176,0.648523 177,7.704620
174,0.721229 175,0.648523 177,8.352231 178,0.846982
175,7.704620 176,8.352231 178,7.506640 179,8.366156
176,0.846982 177,7.506640 179,0.860856 180,0.024016
177,8.366156 178,0.860856 180,0.836856 181,0.219185
178,0.024016 179,0.836856 181,0.617676 182,0.912563
179,0.219185 180,0.617676 182,0.294891 183,0.799806
180,0.912563 181,0.294891 183,1.094693 184,1.013564
181,0.799806 182,1.094693 184,0.081139 185,0.064393
182,1.013564 183,0.081139 185,0.016794 186,0.325811
183,0.064393 184,0.016794 186,0.342576 187,7.386554
184,0.325811 185,0.342576 187,7.728640 188,0.380249
185,7.386554 186,7.728640 188,7.349056 189,7.532645
186,0.380249 187,7.349056 189,0.183842 190,0.895055
187,7.532645 188,0.183842 190,0.711216 191,0.191513
188,0.895055 189,0.711216 191,0.902729 192,0.686463
189,0.191513 190,0.902729 192,0.216283 193,0.021562
190,0.686463 191,0.216283 193,0.237765 194,0.742749
191,0.021562 192,0.237765 194,0.980514 195,8.689826
192,0.742749 193,0.980514 195,9.668401 196,0.915770
193,8.689826 194,9.668401 196,8.754727 197,8.683222
194,0.915770 195,8.754727 197,0.071707 198,0.899665
195,8.683222 196,0.071707 198,0.971370 199,0.114112
196,0.899665 197,0.971370 199,0.857266 200,0.344726
197,0.114112 198,0.857266 200,0.512548 201,0.844222
198,0.344726 199,0.512548 201,0.331676 202,0.538081
199,0.844222 200,0.331676 202,0.206406 203,0.883294
200,0.538081 201,0.206406 203,1.089699 204,1.170552
201,0.883294 202,1.089699 204,0.080854 205,0.110374
202,1.170552 203,0.080854 205,0.029519 206,1.160094
203,0.110374 204,0.029519 206,1.189613 207,7.308224
204,1.160094 205,1.189613 207,8.495993 208,1.068914
205,7.308224 206,8.495993 208,7.428880 209,8.272469
206,1.068914 207,7.428880 209,0.844902 210,0.068480
207,8.272469 208,0.844902 210,0.913382 211,0.203439
208,0.068480 209,0.913382 211,1.116820 212,0.516006
209,0.203439 210,1.116820 212,0.600829 213,0.890178
210,0.516006 211,0.600829 213,0.289351 214,0.404970
211,0.890178 212,0.289351 214,0.694322 215,0.210794
212,0.404970 213,0.694322 215,0.905114 216,0.205633
213,0.210794 214,0.905114 216,1.110747 217,0.011795
214,0.205633 215,1.110747 217,1.122524 218,0.846956
215,0.011795 216,1.122524 218,0.275588 219,0.360947
216,0.846956 217,0.275588 219,0.085360 220,0.886264
217,0.360947 218,0.085360 220,0.800911 221,0.233207
218,0.886264 219,0.800911 221,0.567719 222,0.786706
219,0.233207 220,0.567719 222,0.218988 223,0.701108
220,0.786706 221,0.218988 223,0.920095 224,0.370347
221,0.701108 222,0.920095 224,1.290431 225,0.902127
222,0.370347 223,1.290431 225,0.388319 226,0.364314
223,0.902127 224,0.388319 226,0.024017 227,0.235090
224,0.364314 225,0.024017 227,0.211080 228,0.855126
225,0.235090 226,0.211080 228,1.066206 229,1.066130
226,0.855126 227,1.066206 229,0.000079 230,0.533329
227,1.066130 228,0.000079 230,0.533252 231,1.154585
228,0.533329 229,0.533252 231,0.621352 232,0.378184
229,1.154585 230,0.621352 232,0.999532 233,1.150692
230,0.378184 231,0.999532 233,0.151160 234,0.847903
231,1.150692 232,0.151160 234,0.999063 235,1.280133
232,0.847903 233,0.999063 235,0.281071 236,0.160652
233,1.280133 234,0.281071 236,0.120457 237,0.036251
234,0.160652 235,0.120457 237,0.084231 238,0.093866
235,0.036251 236,0.084231 238,0.009647 239,0.921302
236,0.093866 237,0.009647 239,0.930938 240,1.159893
237,0.921302 238,0.930938 240,0.228960 241,8.134051
238,1.159893 239,0.228960 241,8.362641 242,0.748712
239,8.134051 240,8.362641 242,7.615285 243,8.101648
240,0.748712 241,7.615285 243,0.487127 244,0.468771
241,8.101648 242,0.487127 244,0.955894 245,0.652521
242,0.468771 243,0.955894 245,0.303378 246,1.013392
243,0.652521 244,0.303378 246,0.710019 247,2.653287
244,1.013392 245,0.710019 247,1.943359 248,1.874273
245,2.653287 246,1.943359 248,0.069095 249,2.852587
246,1.874273 247,0.069095 249,2.783509 250,2.594270
247,2.852587 248,2.783509 250,0.189293 251,7.390288
248,2.594270 249,0.189293 251,7.579358 252,0.272290
249,7.390288 250,7.579358 252,7.307482 253,8.552307
250,0.272290 251,7.307482 253,1.246788 254,0.215434
251,8.552307 252,1.246788 254,1.031367 255,0.030087
252,0.215434 253,1.031367 255,1.061446 256,0.237602
253,0.030087 254,1.061446 256,0.823867 257,0.054463
254,0.237602 255,0.823867 257,0.769514 258,0.771395
255,0.054463 256,0.769514 258,0.001901 259,0.932765
256,0.771395 257,0.001901 259,0.934645 260,0.959716
257,0.932765 258,0.934645 260,0.025071 261,0.231867
258,0.959716 259,0.025071 261,0.206798 262,1.006846
259,0.231867 260,0.206798 262,1.213643 263,0.045985
260,1.006846 261,1.213643 263,1.259616 264,1.139997
261,0.045985 262,1.259616 264,0.119627 265,7.423141
262,1.139997 263,0.119627 265,7.542618 266,1.095301
263,7.423141 264,7.542618 266,8.636213 267,10.282719
264,1.095301 265,8.636213 267,1.650214 268,8.610095
265,10.282719 266,1.650214 268,10.256633 269,2.293937
266,8.610095 267,10.256633 269,7.967518 270,8.628515
267,2.293937 268,7.967518 270,0.662124 271,0.008312
268,8.628515 269,0.662124 271,0.670306 272,1.216518
269,0.008312 270,0.670306 272,0.546226 273,0.484656
270,1.216518 271,0.546226 273,0.061573 274,1.148100
271,0.484656 272,0.061573 274,1.086534 275,0.007984
272,1.148100 273,1.086534 275,1.078586 276,1.121294
273,0.007984 274,1.078586 276,0.042765 277,0.008384
274,1.121294 275,0.042765 277,0.050519 278,7.234418
275,0.008384 276,0.050519 278,7.284889 279,0.886567
276,7.234418 277,7.284889 279,8.170145 280,7.275785
277,0.886567 278,8.170145 280,0.895747 281,1.887466
278,7.275785 279,0.895747 281,2.783106 282,7.473248
279,1.887466 280,2.783106 282,10.250969 283,0.047067
280,7.473248 281,10.250969 283,10.204073 284,0.197409
281,0.047067 282,10.204073 284,10.007210 285,2.783180
282,0.197409 283,10.007210 285,7.229153 286,0.242939
283,2.783180 284,7.229153 286,7.471765 287,1.227270
284,0.242939 285,7.471765 287,8.697059 288,8.743083
285,1.227270 286,8.697059 288,0.046112 289,1.242982
286,8.743083 287,0.046112 289,1.289093 290,1.023973
287,1.242982 288,1.289093 290,0.265130 291,1.240155
288,1.023973 289,0.265130 291,0.975033 292,2.623219
289,1.240155 290,0.975033 292,1.648301 293,0.079284
290,2.623219 291,1.648301 293,1.569037 294,10.267582
291,0.079284 292,1.569037 294,8.702128 295,0.081200
292,10.267582 293,8.702128 295,8.621124 296,0.004270
293,0.081200 294,8.621124 296,8.616948 297,0.054850
294,0.004270 295,8.616948 297,8.671731 298,7.586623
295,0.054850 296,8.671731 298,1.086948 299,8.686206
296,7.586623 297,1.086948 299,7.601092 300,0.912111
297,8.686206 298,7.601092 300,8.511758 301,7.475150
298,0.912111 299,8.511758 301,1.038289 302,1.023640
299,7.475150 300,1.038289 302,0.014674 303,1.148334
300,1.023640 301,0.014674 303,1.133685 304,2.643557
301,1.148334 302,1.133685 304,1.509987 305,0.029501
302,2.643557 303,1.509987 305,1.480490 306,1.488011
303,0.029501 304,1.480490 306,0.007522 307,0.009835
304,1.488011 305,0.007522 307,0.002418 308,1.105785
305,0.009835 306,0.002418 308,1.103534 309,1.185389
306,1.105785 307,1.103534 309,0.081855 310,2.629509
307,1.185389 308,0.081855 310,2.711360 311,7.530141
308,2.629509 309,2.711360 311,10.236330 312,2.261654
309,7.530141 310,10.236330 312,7.979407 313,7.522701
310,2.261654 311,7.979407 313,0.457406 314,2.215225
311,7.522701 312,0.457406 314,2.672568 315,0.080275
312,2.215225 313,2.672568 315,2.752843 316,10.079578
313,0.080275 314,2.752843 316,7.331884 317,0.035473
314,10.079578 315,7.331884 317,7.367313 318,0.125880
315,0.035473 316,7.367313 318,7.241622 319,7.357325
316,0.125880 317,7.241622 319,0.115849 320,0.132532
317,7.357325 318,0.115849 320,0.016691 321,7.215732
318,0.132532 319,0.016691 321,7.232421 322,7.356218
319,7.215732 320,7.232421 322,0.123886 323,1.325797
320,7.356218 321,0.123886 323,1.201943 324,0.716156
321,1.325797 322,1.201943 324,0.485798 325,0.062774
322,0.716156 323,0.485798 325,0.548570 326,0.530438
323,0.062774 324,0.548570 326,0.018139 327,1.318360
324,0.530438 325,0.018139 327,1.300230 328,0.003658
325,1.318360 326,1.300230 328,1.296888 329,1.302875
326,0.003658 327,1.296888 329,0.005991 330,0.004415
327,1.302875 328,0.005991 330,0.001591 331,1.273651
328,0.004415 329,0.001591 331,1.272064 332,1.161410
329,1.273651 330,1.272064 332,0.110661 333,0.281468
330,1.161410 331,0.110661 333,0.170807 334,0.029199
331,0.281468 332,0.170807 334,0.200005 335,0.989872
332,0.029199 333,0.200005 335,1.189871 336,1.090214
333,0.989872 334,1.189871 336,0.099671 337,8.726405
334,1.090214 335,0.099671 337,8.626974 338,0.148709
335,8.726405 336,8.626974 338,8.478564 339,8.745822
336,0.148709 337,8.478564 339,0.267736 340,0.255356
337,8.745822 338,0.267736 340,0.012381 341,0.267361
338,0.255356 339,0.012381 341,0.254980 342,0.066249
339,0.267361 340,0.254980 342,0.321223 343,0.052016
340,0.066249 341,0.321223 343,0.373234 344,1.485742
341,0.052016 342,0.373234 344,1.112527 345,0.315156
342,1.485742 343,1.112527 345,0.797380 346,1.427238
343,0.315156 344,0.797380 346,0.629876 347,0.658280
344,1.427238 345,0.629876 347,0.028407 348,0.005913
345,0.658280 346,0.028407 348,0.034280 349,0.021849
346,0.005913 347,0.034280 349,0.056124 350,1.512250
347,0.021849 348,0.056124 350,1.456133 351,0.090057
348,1.512250 349,1.456133 351,1.546191 352,2.753803
349,0.090057 350,1.546191 352,1.207741 353,0.031874
350,2.753803 351,1.207741 353,1.239615 354,0.152611
351,0.031874 352,1.239615 354,1.087014 355,1.438533
352,0.152611 353,1.087014 355,0.351530 356,0.113534
353,1.438533 354,0.351530 356,0.238012 357,1.430946
354,0.113534 355,0.238012 357,1.192954 358,7.379374
355,1.430946 356,1.192954 358,8.570441 359,0.014135
356,7.379374 357,8.570441 359,8.584568 360,8.579236
357,0.014135 358,8.584568 360,0.005352 361,8.328575
358,8.579236 359,0.005352 361,8.323241 362,0.040313
359,8.328575 360,8.323241 362,8.283099 363,8.325704
360,0.040313 361,8.283099 363,0.042654 364,0.052184
361,8.325704 362,0.042654 364,0.009530 365,1.306409
362,0.052184 363,0.009530 365,1.315939 366,1.201551
363,1.306409 364,1.315939 366,0.114394 367,0.179973
364,1.201551 365,0.114394 367,0.065584 368,1.120351
365,0.179973 366,0.065584 368,1.054787 369,0.777328
366,1.120351 367,1.054787 369,0.277476 370,0.450441
367,0.777328 368,0.277476 370,0.172967 371,1.049867
368,0.450441 369,0.172967 371,0.876904 372,0.901140
369,1.049867 370,0.876904 372,0.024243 373,0.133439
370,0.901140 371,0.024243 373,0.157661 374,0.025565
371,0.133439 372,0.157661 374,0.183199 375,0.199572
372,0.025565 373,0.183199 375,0.016374 376,0.008537
373,0.199572 374,0.016374 376,0.024900 377,0.400823
374,0.008537 375,0.024900 377,0.375923 378,2.903351
375,0.400823 376,0.375923 378,2.527501 379,0.737379
376,2.903351 377,2.527501 379,1.790240 380,2.923419
377,0.737379 378,1.790240 380,1.133313 381,0.153322
378,2.923419 379,1.133313 381,0.980082 382,0.747516
379,0.153322 380,0.980082 382,0.232578 383,0.107227
380,0.747516 381,0.232578 383,0.339806 384,0.007469
381,0.107227 382,0.339806 384,0.332374 385,0.355440
382,0.007469 383,0.332374 385,0.687814 386,0.748021
383,0.355440 384,0.687814 386,1.435818 387,0.018202
384,0.748021 385,1.435818 387,1.454014 388,0.019492
385,0.018202 386,1.454014 388,1.473502 389,1.326521
386,0.019492 387,1.473502 389,0.146994 390,0.107604
387,1.326521 388,0.146994 390,0.039465 391,0.110388
388,0.107604 389,0.039465 391,0.149756 392,7.177091
389,0.110388 390,0.149756 392,7.326733 393,0.036362
390,7.177091 391,7.326733 393,7.363095 394,10.034182
391,0.036362 392,7.363095 394,2.676074 395,0.990867
392,10.034182 393,2.676074 395,1.685340 396,1.470558
393,0.990867 394,1.685340 396,0.214807 397,1.293844
394,1.470558 395,0.214807 397,1.508647 398,0.034125
395,1.293844 396,1.508647 398,1.474527 399,1.241651
396,0.034125 397,1.474527 399,0.232892 400,0.280136
397,1.241651 398,0.232892 400,0.047249 401,0.982290
398,0.280136 399,0.047249 401,0.935056 402,1.728790
399,0.982290 400,0.935056 402,2.663740 403,0.085257
400,1.728790 401,2.663740 403,2.578524 404,2.950831
401,0.085257 402,2.578524 404,0.372376 405,2.598148
402,2.950831 403,0.372376 405,2.970461 406,1.480618
403,2.598148 404,2.970461 406,1.490032 407,2.804570
404,1.480618 405,1.490032 407,1.314673 408,1.320293
405,2.804570 406,1.314673 408,2.634863 409,8.547331
406,1.320293 407,2.634863 409,11.175866 410,0.190533
407,8.547331 408,11.175866 410,11.365877 411,11.335154
408,0.190533 409,11.365877 411,0.030844 412,2.975972
409,11.335154 410,0.030844 412,2.945140 413,1.402831
410,2.975972 411,2.945140 413,1.542503 414,1.593237
411,1.402831 412,1.542503 414,0.050737 415,1.375799
412,1.593237 413,0.050737 415,1.325064 416,8.710775
413,1.375799 414,1.325064 416,10.032925 417,1.526242
414,8.710775 415,10.032925 417,8.510092 418,0.258391
415,1.526242 416,8.510092 418,8.252308 419,0.040111
416,0.258391 417,8.252308 419,8.212353 420,7.127392
417,0.040111 418,8.212353 420,1.086589 421,1.298270
418,7.127392 419,1.086589 421,0.211685 422,0.044820
419,1.298270 420,0.211685 422,0.166897 423,0.012636
420,0.044820 421,0.166897 423,0.154324 424,2.736022
421,0.012636 422,0.154324 424,2.890320 425,1.322846
422,2.736022 423,2.890320 425,1.567633 426,0.096166
423,1.322846 424,1.567633 426,1.471483 427,0.075391
424,0.096166 425,1.471483 427,1.546874 428,2.090547
425,0.075391 426,1.546874 428,0.543715 429,0.368935
426,2.090547 427,0.543715 429,0.174786 430,2.210671
427,0.368935 428,0.174786 430,2.035914 431,0.921242
428,2.210671 429,2.035914 431,2.957026 432,0.050763
429,0.921242 430,2.957026 432,2.906279 433,7.100658
430,0.050763 431,2.906279 433,10.001727 434,2.830282
431,7.100658 432,10.001727 434,7.176586 435,0.000682
432,2.830282 433,7.176586 435,7.175931 436,2.798570
433,0.000682 434,7.175931 436,9.969457 437,7.125160
434,2.798570 435,9.969457 437,2.849429 438,2.881112
435,7.125160 436,2.849429 438,0.031687 439,0.823126
436,2.881112 437,0.031687 439,0.854814 440,2.834574
437,0.823126 438,0.854814 440,1.979888 441,0.684460
438,2.834574 439,1.979888 441,2.664274 442,1.387694
439,0.684460 440,2.664274 442,1.276710 443,1.370610
440,1.387694 441,1.276710 443,0.093903 444,1.381626
441,1.370610 442,0.093903 444,1.475525 445,1.486200
442,1.381626 443,1.475525 445,0.010676 446,2.741530
443,1.486200 444,0.010676 446,2.752204 447,2.772990
444,2.741530 445,2.752204 447,0.020787 448,2.738808
445,2.772990 446,0.020787 448,2.759595 449,0.016694
446,2.738808 447,2.759595 449,2.744241 450,0.007257
447,0.016694 448,2.744241 450,2.750628 451,0.131107
448,0.007257 449,2.750628 451,2.881724 452,0.156174
449,0.131107 450,2.881724 452,2.725639 453,2.861850
450,0.156174 451,2.725639 453,0.136232 454,0.049501
451,2.861850 452,0.136232 454,0.185724 455,2.807479
452,0.049501 453,0.185724 455,2.621803 456,1.207345
453,2.807479 454,2.621803 456,1.414580 457,2.736363
454,1.207345 455,1.414580 457,1.321911 458,0.126351
455,2.736363 456,1.321911 458,1.448260 459,0.124838
456,0.126351 457,1.448260 459,1.323441 460,0.010938
457,0.124838 458,1.323441 460,1.334354 461,7.488567
458,0.010938 459,1.334354 461,8.820713 462,1.450948
459,7.488567 460,8.820713 462,7.372206 463,7.343275
460,1.450948 461,7.372206 463,0.029013 464,2.846229
461,7.343275 462,0.029013 464,2.875243 465,2.856681
462,2.846229 463,2.875243 465,0.018589 466,0.011263
463,2.856681 464,0.018589 466,0.029755 467,2.254745
464,0.011263 465,0.029755 467,2.284497 468,2.758466
465,2.254745 466,2.284497 468,0.474043 469,7.916788
466,2.758466 467,0.474043 469,7.443456 470,7.353230
467,7.916788 468,7.443456 470,0.090362 471,7.434386
468,7.353230 469,0.090362 471,7.344160 472,0.221292
469,7.434386 470,7.344160 472,7.565237 473,2.629298
470,0.221292 471,7.565237 473,10.189590 474,7.382242
471,2.629298 472,10.189590 474,2.812716 475,2.679726
472,7.382242 473,2.812716 475,0.133045 476,0.024836
473,2.679726 474,0.133045 476,0.108266 477,0.002858
474,0.024836 475,0.108266 477,0.105695 478,1.343158
475,0.002858 476,0.105695 478,1.237474 479,2.771172
476,1.343158 477,1.237474 479,1.533847 480,1.467012
477,2.771172 478,1.533847 480,3.000694 481,0.094887
478,1.467012 479,3.000694 481,3.095575 482,1.532668
479,0.094887 480,3.095575 482,1.563119 483,2.837286
480,1.532668 481,1.563119 483,1.274313 484,1.486420
481,2.837286 482,1.274313 484,2.760621 485,7.251839
482,1.486420 483,2.760621 485,10.007550 486,1.927562
483,7.251839 484,10.007550 486,8.084038 487,9.927160
484,1.927562 485,8.084038 487,1.846840 488,8.085803
485,9.927160 486,1.846840 488,9.928938 489,9.918861
486,8.085803 487,9.928938 489,0.010206 490,9.965472
487,9.918861 488,0.010206 490,9.955396 491,9.955462
488,9.965472 489,9.955396 491,0.000096 492,9.973447
489,9.955462 490,0.000096 492,9.973513 493,1.414458
490,9.973447 491,9.973513 493,8.562135 494,7.280784
491,1.414458 492,8.562135 494,1.283375 495,1.483927
492,7.280784 493,1.283375 495,0.200561 496,2.617811
493,1.483927 494,0.200561 496,2.818337 497,0.114350
494,2.617811 495,2.818337 497,2.704022 498,2.991844
495,0.114350 496,2.704022 498,0.287876 499,2.821694
496,2.991844 497,0.287876 499,3.109513 500,6.909540
497,2.821694 498,3.109513 500,10.013651 501,2.717330
498,6.909540 499,10.013651 501,7.301374 502,9.968140
499,2.717330 500,7.301374 502,2.671649 503,0.007147
500,9.968140 501,2.671649 503,2.678705 504,9.971300
501,0.007147 502,2.678705 504,7.297514 505,0.189487
502,9.971300 503,7.297514 505,7.108398 506,7.040611
503,0.189487 504,7.108398 506,0.067912 507,2.908438
504,7.040611 505,0.067912 507,2.976346 508,2.870036
505,2.908438 506,2.976346 508,0.106348 509,9.901597
506,2.870036 507,0.106348 509,9.795556 510,2.636602
507,9.901597 508,9.795556 510,7.163720 511,6.969355
508,2.636602 509,7.163720 511,0.194645 512,0.020218
509,6.969355 510,0.194645 512,0.214822 513,0.019369
510,0.020218 511,0.214822 513,0.195518 514,0.012265
511,0.019369 512,0.195518 514,0.183291 515,0.039929
512,0.012265 513,0.183291 515,0.223215 516,0.391671
513,0.039929 514,0.223215 516,0.168456 517,0.009651
514,0.391671 515,0.168456 517,0.178047 518,0.427697
515,0.009651 516,0.178047 518,0.249650 519,1.442374
516,0.427697 517,0.249650 519,1.192743 520,0.302929
517,1.442374 518,1.192743 520,1.495665 521,1.661005
518,0.302929 519,1.495665 521,0.165345 522,1.475553
519,1.661005 520,0.165345 522,1.640895 523,0.433958
520,1.475553 521,1.640895 523,1.206965 524,1.259946
521,0.433958 522,1.206965 524,0.052982 525,0.378927
522,1.259946 523,0.052982 525,0.325945 526,0.144609
523,0.378927 524,0.325945 526,0.181341 527,1.218602
524,0.144609 525,0.181341 527,1.037270 528,1.037119
525,1.218602 526,1.037270 528,0.000321 529,0.780007
526,1.037119 527,0.000321 529,0.779855 530,8.038263
527,0.780007 528,0.779855 530,7.259567 531,2.676954
528,8.038263 529,7.259567 531,9.931711 532,7.085134
529,2.676954 530,9.931711 532,2.851694 533,1.475052
530,7.085134 531,2.851694 533,1.376804 534,0.076502
531,1.475052 532,1.376804 534,1.453305 535,8.890819
532,0.076502 533,1.453305 535,7.439946 536,0.403034
533,8.890819 534,7.439946 536,7.842431 537,7.237877
534,0.403034 535,7.842431 537,0.605444 538,0.595029
535,7.237877 536,0.605444 538,1.200466 539,0.315258
536,0.595029 537,1.200466 539,0.885223 540,0.414359
537,0.315258 538,0.885223 540,0.470871 541,0.303905
538,0.414359 539,0.470871 541,0.774774 542,0.499772
539,0.303905 540,0.774774 542,0.275007 543,3.085490
540,0.499772 541,0.275007 543,2.810550 544,0.352184
541,3.085490 542,2.810550 544,3.162677 545,2.712029
542,0.352184 543,3.162677 545,0.450750 546,0.938755
543,2.712029 544,0.450750 546,0.488008 547,0.084003
544,0.938755 545,0.488008 547,0.572005 548,2.233466
545,0.084003 546,0.572005 548,2.805388 549,0.001355
546,2.233466 547,2.805388 549,2.806622 550,3.156392
547,0.001355 548,2.806622 550,0.349839 551,0.030469
548,3.156392 549,0.349839 551,0.380224 552,2.189837
549,0.030469 550,0.380224 552,1.809678 553,2.825378
550,2.189837 551,1.809678 553,1.015831 554,9.043405
551,2.825378 552,1.015831 554,10.056914 555,2.817841
552,9.043405 553,10.056914 555,7.244387 556,9.898168
553,2.817841 554,7.244387 556,2.658596 557,7.246047
554,9.898168 555,2.658596 557,9.899864 558,0.172426
555,7.246047 556,9.899864 558,9.727875 559,7.182577
556,0.172426 557,9.727875 559,2.549810 560,10.018266
557,7.182577 558,2.549810 560,7.473279 561,0.080370
558,10.018266 559,7.473279 561,7.553556 562,7.136678
559,0.080370 560,7.553556 562,0.417446 563,0.009003
560,7.136678 561,0.417446 563,0.408449 564,0.727444
561,0.009003 562,0.408449 564,0.318996 565,0.518201
562,0.727444 563,0.318996 565,0.199207 566,0.384742
563,0.518201 564,0.199207 566,0.583949 567,0.805193
564,0.384742 565,0.583949 567,0.221247 568,0.249192
565,0.805193 566,0.221247 568,0.027947 569,0.302342
566,0.249192 567,0.027947 569,0.330286 570,0.135608
567,0.302342 568,0.330286 570,0.194688 571,0.391831
568,0.135608 569,0.194688 571,0.197145 572,0.264418
569,0.391831 570,0.197145 572,0.461562 573,7.201840
570,0.264418 571,0.461562 573,7.662765 574,2.708338
571,7.201840 572,7.662765 574,10.365729 575,7.195668
572,2.708338 573,10.365729 575,3.176045 576,2.934604
573,7.195668 574,3.176045 576,0.241499 577,7.158483
574,2.934604 575,0.241499 577,7.399662 578,0.229075
575,7.158483 576,7.399662 578,7.170922 579,7.402534
576,0.229075 577,7.170922 579,0.231907 580,3.269598
577,7.402534 578,0.231907 580,3.037756 581,3.016388
578,3.269598 579,3.037756 581,0.021378 582,3.168697
579,3.016388 580,0.021378 582,3.147331 583,2.962610
580,3.168697 581,3.147331 583,0.184764 584,0.129722
581,2.962610 582,0.184764 584,0.314486 585,0.218590
582,0.129722 583,0.314486 585,0.095899 586,0.167747
583,0.218590 584,0.095899 586,0.071849 587,0.127127
584,0.167747 585,0.071849 587,0.055279 588,1.463125
585,0.127127 586,0.055279 588,1.407853 589,0.194459
586,1.463125 587,1.407853 589,1.213416 590,0.495965
587,0.194459 588,1.213416 590,0.717467 591,0.244730
588,0.495965 589,0.717467 591,0.962196 592,1.081144
589,0.244730 590,0.962196 592,0.118948 593,0.040009
590,1.081144 591,0.118948 593,0.158940 594,2.994411
591,0.040009 592,0.158940 594,2.835509 595,0.223582
592,2.994411 593,2.835509 595,2.612045 596,2.389674
593,0.223582 594,2.612045 596,0.222413 597,0.331948
594,2.389674 595,0.222413 597,0.554360 598,7.507631
595,0.331948 596,0.554360 598,6.954015 599,0.153194
596,7.507631 597,6.954015 599,7.107022 600,7.492659
597,0.153194 598,7.107022 600,0.386140 601,0.162428
598,7.492659 599,0.386140 601,0.223743 602,7.704586
599,0.162428 600,0.223743 602,7.481282 603,0.402740
600,7.704586 601,7.481282 603,7.079127 604,7.351885
601,0.402740 602,7.079127 604,0.273070 605,0.006744
602,7.351885 603,0.273070 605,0.279692 606,2.903068
603,0.006744 604,0.279692 606,3.182703 607,7.095980
604,2.903068 605,3.182703 607,10.272896 608,1.537736
605,7.095980 606,10.272896 608,8.738682 609,7.111273
606,1.537736 607,8.738682 609,1.629974 610,1.574386
607,7.111273 608,1.629974 610,3.204156 611,3.246232
608,1.574386 609,3.204156 611,0.042079 612,0.042837
609,3.246232 610,0.042079 612,0.084910 613,0.066891
610,0.042837 611,0.084910 613,0.018019 614,2.762749
611,0.066891 612,0.018019 614,2.780766 615,1.470488
612,2.762749 613,2.780766 615,1.310429 616,0.187850
613,1.470488 614,1.310429 616,1.498275 617,1.526324
614,0.187850 615,1.498275 617,3.024437 618,0.197024
615,1.526324 616,3.024437 618,3.221437 619,3.274162
616,0.197024 617,3.221437 619,0.052736 620,7.097218
617,3.274162 618,0.052736 620,7.044557 621,1.222682
618,7.097218 619,7.044557 621,8.265531 622,10.087988
619,1.222682 620,8.265531 622,1.826272 623,0.763350
620,10.087988 621,1.826272 623,2.589550 624,2.982363
621,0.763350 622,2.589550 624,0.392889 625,0.727305
622,2.982363 623,0.392889 625,1.120189 626,0.349653
623,0.727305 624,1.120189 626,0.770550 627,1.098452
624,0.349653 625,0.770550 627,0.327906 628,2.849839
625,1.098452 626,0.327906 628,3.177688 629,0.841032
626,2.849839 627,3.177688 629,2.336827 630,2.778039
627,0.841032 628,2.336827 630,0.441268 631,0.820386
628,2.778039 629,0.441268 631,0.379124 632,8.936874
629,0.820386 630,0.379124 632,8.558493 633,3.177668
630,8.936874 631,8.558493 633,11.728169 634,8.655494
631,3.177668 632,11.728169 634,3.080600 635,1.372391
632,8.655494 633,3.080600 635,1.708424 636,7.278464
633,1.372391 634,1.708424 636,8.984155 637,1.298706
634,7.278464 635,8.984155 637,10.279867 638,7.090151
635,1.298706 636,10.279867 638,3.195629 639,10.309974
636,7.090151 637,3.195629 639,7.120251 640,3.206927
637,10.309974 638,7.120251 640,10.321363 641,10.276742
638,3.206927 639,10.321363 641,0.044745 642,3.022634
639,10.276742 640,0.044745 642,2.977901 643,1.595813
640,3.022634 641,2.977901 643,1.382260 644,3.072868
641,1.595813 642,1.382260 644,1.690790 645,1.328370
642,3.072868 643,1.690790 645,3.018993 646,0.113430
643,1.328370 644,3.018993 646,2.905617 647,0.484929
644,0.113430 645,2.905617 647,2.420801 648,1.261919
645,0.484929 646,2.420801 648,1.159002 649,7.894203
646,1.261919 647,1.159002 649,9.051214 650,1.657092
647,7.894203 648,9.051214 650,7.396944 651,10.436321
648,1.657092 649,7.396944 651,3.045296 652,3.069717
649,10.436321 650,3.045296 652,0.024424 653,3.066283
650,3.069717 651,0.024424 653,3.090704 654,10.472177
651,3.066283 652,3.090704 654,7.387483 655,0.218631
652,10.472177 653,7.387483 655,7.169203 656,10.437502
653,0.218631 654,7.169203 656,3.274435 657,3.334326
654,10.437502 655,3.274435 657,0.059897 658,10.121314
655,3.334326 656,0.059897 658,10.181094 659,2.657031
656,10.121314 657,10.181094 659,7.529195 660,7.262142
657,2.657031 658,7.529195 660,0.267445 661,0.625994
658,7.262142 659,0.267445 661,0.358551 662,0.203669
659,0.625994 660,0.358551 662,0.562220 663,6.902277
660,0.203669 661,0.562220 663,7.463779 664,0.583525
661,6.902277 662,7.463779 664,8.046452 665,10.122739
662,0.583525 663,8.046452 665,2.080557 666,0.590553
663,10.122739 664,2.080557 666,1.490053 667,1.543049
664,0.590553 665,1.490053 667,0.052996 668,1.403140
665,1.543049 666,0.052996 668,1.456136 669,1.455067
666,1.403140 667,1.456136 669,0.001085 670,0.430334
667,1.455067 668,0.001085 670,0.429264 671,3.017586
668,0.430334 669,0.429264 671,2.588422 672,9.613926
669,3.017586 670,2.588422 672,7.029901 673,7.029460
670,9.613926 671,7.029901 673,0.000613 674,9.878421
671,7.029460 672,0.000613 674,9.877989 675,8.716556
672,9.878421 673,9.877989 675,1.164001 676,2.593431
673,8.716556 674,1.164001 676,1.429534 677,1.816066
674,2.593431 675,1.429534 677,0.386541 678,0.437140
675,1.816066 676,0.386541 678,0.823678 679,0.027208
676,0.437140 677,0.823678 679,0.796478 680,2.367607
677,0.027208 678,0.796478 680,3.163942 681,3.165217
678,2.367607 679,3.163942 681,0.001275 682,2.723308
679,3.165217 680,0.001275 682,2.724583 683,1.501497
680,2.723308 681,2.724583 683,1.223225 684,1.099643
681,1.501497 682,1.223225 684,0.123591 685,1.616557
682,1.099643 683,0.123591 685,1.492978 686,8.658299
683,1.616557 684,1.492978 686,7.167660 687,3.114037
684,8.658299 685,7.167660 687,10.276050 688,10.259697
685,3.114037 686,10.276050 688,0.016428 689,10.093085
686,10.259697 687,0.016428 689,10.076730 690,0.012902
687,10.093085 688,10.076730 690,10.089629 691,10.105170
688,0.012902 689,10.089629 691,0.015543 692,2.804229
689,10.105170 690,0.015543 692,2.819762 693,0.072980
690,2.804229 691,2.819762 693,2.892740 694,1.280468
691,0.072980 692,2.892740 694,1.612437 695,0.051484
692,1.280468 693,1.612437 695,1.560970 696,1.710752
693,0.051484 694,1.560970 696,3.271515 697,2.540305
694,1.710752 695,3.271515 697,0.731367 698,3.256788
695,2.540305 696,0.731367 698,2.525572 699,0.494377
696,3.256788 697,2.525572 699,3.019866 700,2.734130
697,0.494377 698,3.019866 700,0.285798 701,0.661625
698,2.734130 699,0.285798 701,0.375828 702,0.098399
699,0.661625 700,0.375828 702,0.474217 703,0.705329
700,0.098399 701,0.474217 703,1.179542 704,7.512106
701,0.705329 702,1.179542 704,8.689748 705,1.214856
702,7.512106 703,8.689748 705,7.476997 706,7.595364
703,1.214856 704,7.476997 706,0.118472 707,2.888412
704,7.595364 705,0.118472 707,2.769996 708,0.147383
705,2.888412 706,2.769996 708,2.622688 709,2.637375
706,0.147383 707,2.622688 709,0.014718 710,0.024346
707,2.637375 708,0.014718 710,0.038954 711,0.516481
708,0.024346 709,0.038954 711,0.477531 712,0.150599
709,0.516481 710,0.477531 712,0.628114 713,2.142957
710,0.150599 711,0.628114 713,2.770997 714,2.773256
711,2.142957 712,2.770997 714,0.002319 715,2.816737
712,2.773256 713,0.002319 715,2.818996 716,0.001128
713,2.816737 714,2.818996 716,2.818031 717,2.841524
714,0.001128 715,2.818031 717,0.023495 718,2.871488
715,2.841524 716,0.023495 718,2.894981 719,0.056955
716,2.871488 717,2.894981 719,2.838070 720,2.902485
717,0.056955 718,2.838070 720,0.064425 721,2.860025
718,2.902485 719,0.064425 721,2.924440 722,1.689642
719,2.860025 720,2.924440 722,1.235013 723,0.352068
720,1.689642 721,1.235013 723,1.587081 724,1.402584
721,0.352068 722,1.587081 724,0.184539 725,0.231408
722,1.402584 723,0.184539 725,0.046871 726,3.105969
723,0.231408 724,0.046871 726,3.059137 727,2.870869
724,3.105969 725,3.059137 727,0.188313 728,0.059135
725,2.870869 726,0.188313 728,0.129182 729,0.260104
726,0.059135 727,0.129182 729,0.130922 730,3.282011
727,0.260104 728,0.130922 730,3.412919 731,10.276589
728,3.282011 729,3.412919 731,6.869741 732,0.420375
729,10.276589 730,6.869741 732,7.289595 733,0.213877
730,0.420375 731,7.289595 733,7.503209 734,0.046885
731,0.213877 732,7.503209 734,7.456744 735,10.438804
732,0.046885 733,7.456744 735,2.987915 736,0.278670
733,10.438804 734,2.987915 736,2.709366 737,2.749350
734,0.278670 735,2.709366 737,0.039990 738,0.193834
735,2.749350 736,0.039990 738,0.153844 739,0.373456
736,0.193834 737,0.153844 739,0.219613 740,1.121296
737,0.373456 738,0.219613 740,1.340906 741,3.142532
738,1.121296 739,1.340906 741,1.801821 742,1.783284
739,3.142532 740,1.801821 742,0.018538 743,2.993153
740,1.783284 741,0.018538 743,2.974619 744,2.876261
741,2.993153 742,2.974619 744,0.098388 745,2.908574
742,2.876261 743,0.098388 745,2.810213 746,0.410594
743,2.908574 744,2.810213 746,3.220737 747,0.147791
744,0.410594 745,3.220737 747,3.073017 748,7.174581
745,0.147791 746,3.073017 748,10.241980 749,1.237149
746,7.174581 747,10.241980 749,9.007794 750,10.518187
747,1.237149 748,9.007794 750,1.513981 751,1.546575
748,10.518187 749,1.513981 751,3.060384 752,0.138541
749,1.546575 750,3.060384 752,2.921883 753,0.163256
750,0.138541 751,2.921883 753,2.758676 754,0.168013
751,0.163256 752,2.758676 754,2.926662 755,2.752916
752,0.168013 753,2.926662 755,0.173807 756,0.174674
753,2.752916 754,0.173807 756,0.000973 757,10.149297
754,0.174674 755,0.000973 757,10.148468 758,0.006500
755,10.149297 756,10.148468 758,10.154954 759,7.227143
756,0.006500 757,10.154954 759,2.933246 760,2.985037
757,7.227143 758,2.933246 760,0.051791 761,3.078895
758,2.985037 759,0.051791 761,3.130686 762,2.988112
759,3.078895 760,3.130686 762,0.142624 763,0.146757
760,2.988112 761,0.142624 763,0.004143 764,3.050495
761,0.146757 762,0.004143 764,3.046373 765,10.414478
762,3.050495 763,3.046373 765,7.373999 766,1.201792
763,10.414478 764,7.373999 766,8.573934 767,8.876756
764,1.201792 765,8.573934 767,0.303307 768,0.207358
765,8.876756 766,0.303307 768,0.096006 769,1.431709
766,0.207358 767,0.096006 769,1.335745 770,0.573043
767,1.431709 768,1.335745 770,0.762729 771,2.815967
768,0.573043 769,0.762729 771,2.053347 772,1.071791
769,2.815967 770,2.053347 772,3.124998 773,2.803484
770,1.071791 771,3.124998 773,0.321634 774,7.117686
771,2.803484 772,0.321634 774,7.438988 775,0.856432
772,7.117686 773,7.438988 775,8.294135 776,0.051731
773,0.856432 774,8.294135 776,8.242518 777,2.117201
774,0.051731 775,8.242518 777,10.355196 778,0.004470
775,2.117201 776,10.355196 778,10.359355 779,2.619453
776,0.004470 777,10.359355 779,7.745343 780,10.183050
777,2.619453 778,7.745343 780,2.442548 781,2.436086
778,10.183050 779,2.442548 781,0.006472 782,0.017686
779,2.436086 780,0.006472 782,0.011215 783,0.011279
780,0.017686 781,0.011215 783,0.000143 784,0.353375
781,0.011279 782,0.000143 784,0.353437 785,0.192886
782,0.353375 783,0.353437 785,0.160614 786,2.846209
783,0.192886 784,0.160614 786,2.685690 787,2.672959
784,2.846209 785,2.685690 787,0.012779 788,7.487792
785,2.672959 786,0.012779 788,7.500570 789,0.007054
786,7.487792 787,7.500570 789,7.507596 790,7.698649
787,0.007054 788,7.507596 790,0.191288 791,2.501934
788,7.698649 789,0.191288 791,2.310689 792,0.896219
789,2.501934 790,2.310689 792,1.414571 793,0.057956
790,0.896219 791,1.414571 793,1.356681 794,1.105087
791,0.057956 792,1.356681 794,2.461704 795,1.430612
792,1.105087 793,2.461704 795,1.031207 796,0.531741
793,1.430612 794,1.031207 796,1.562934 797,1.647836
794,0.531741 795,1.562934 797,3.210587 798,8.617570
795,1.647836 796,3.210587 798,11.820107 799,0.001985
796,8.617570 797,11.820107 799,11.822092 800,8.846743
797,0.001985 798,11.822092 800,2.983432 801,1.413346
798,8.846743 799,2.983432 801,1.570299 802,2.828170
799,1.413346 800,1.570299 802,1.257996 803,8.991215
800,2.828170 801,1.257996 803,10.246451 804,0.144691
801,8.991215 802,10.246451 804,10.390874 805,7.511873
802,0.144691 803,10.390874 805,2.884689 806,0.186647
803,7.511873 804,2.884689 806,2.698197 807,7.278066
804,0.186647 805,2.698197 807,9.971611 808,0.001916
805,7.278066 806,9.971611 808,9.970686 809,6.878135
806,0.001916 807,9.970686 809,3.097938 810,0.007647
807,6.878135 808,3.097938 810,3.090448 811,3.300041
808,0.007647 809,3.090448 811,0.209646 812,0.194022
809,3.300041 810,0.209646 812,0.015629 813,0.198128
810,0.194022 811,0.015629 813,0.182502 814,1.366733
811,0.198128 812,0.182502 814,1.184239 815,0.186818
812,1.366733 813,1.184239 815,1.371045 816,1.222306
813,0.186818 814,1.371045 816,0.148759 817,2.754766
814,1.222306 815,0.148759 817,2.606050 818,2.525142
815,2.754766 816,2.606050 818,0.080935 819,0.532723
816,2.525142 817,0.080935 819,0.613657 820,1.313668
817,0.532723 818,0.613657 820,1.927290 821,3.080089
818,1.313668 819,1.927290 821,1.152945 822,0.173648
819,3.080089 820,1.152945 822,1.326589 823,0.046657
820,0.173648 821,1.326589 823,1.373240 824,1.544147
821,0.046657 822,1.373240 824,0.170913 825,0.537954
822,1.544147 823,0.170913 825,0.708866 826,2.989690
823,0.537954 824,0.708866 826,2.280945 827,0.900649
824,2.989690 825,2.280945 827,3.181452 828,0.322323
825,0.900649 826,3.181452 828,3.503728 829,0.019425
826,0.322323 827,3.503728 829,3.523025 830,3.314448
827,0.019425 828,3.523025 830,0.208643 831,0.463265
828,3.314448 829,0.208643 831,0.254622 832,2.040051
829,0.463265 830,0.254622 832,1.785453 833,1.979099
830,2.040051 831,1.785453 833,0.193661 834,2.015088
831,1.979099 832,0.193661 834,2.208732 835,8.193094
832,2.015088 833,2.208732 835,10.397160 836,0.091246
833,8.193094 834,10.397160 836,10.488255 837,10.434629
834,0.091246 835,10.488255 837,0.053815 838,1.490785
835,10.434629 836,0.053815 838,1.436980 839,0.240568
836,1.490785 837,1.436980 839,1.196434 840,1.452335
837,0.240568 838,1.196434 840,0.255908 841,0.008410
838,1.452335 839,0.255908 841,0.248036 842,0.259263
839,0.008410 840,0.248036 842,0.011228 843,0.243779
840,0.259263 841,0.011228 843,0.255006 844,1.311877
841,0.243779 842,0.255006 844,1.566877 845,3.360316
842,1.311877 843,1.566877 845,1.793666 846,8.648392
843,3.360316 844,1.793666 846,6.857469 847,3.376982
844,8.648392 845,6.857469 847,10.228553 848,10.286967
845,3.376982 846,10.228553 848,0.058517 849,10.452786
846,10.286967 847,0.058517 849,10.511195 850,0.240457
847,10.452786 848,10.511195 850,10.271452 851,10.246815
848,0.240457 849,10.271452 851,0.024879 852,2.620636
849,10.246815 850,0.024879 852,2.595846 853,2.545524
850,2.620636 851,2.595846 853,0.050341 854,1.340139
851,2.545524 852,0.050341 854,1.289806 855,2.827382
852,1.340139 853,1.289806 855,1.537718 856,1.488315
853,2.827382 854,1.537718 856,3.025885 857,0.083690
854,1.488315 855,3.025885 857,2.942238 858,0.435828
855,0.083690 856,2.942238 858,3.377983 859,2.711250
856,0.435828 857,3.377983 859,0.666894 860,7.068475
857,2.711250 858,0.666894 860,7.734466 861,1.172225
858,7.068475 859,7.734466 861,8.904686 862,7.642795
859,1.172225 860,8.904686 862,1.264086 863,1.641835
860,7.642795 861,1.264086 863,2.905784 864,0.006372
861,1.641835 862,2.905784 864,2.899471 865,0.116443
862,0.006372 863,2.899471 865,2.783070 866,2.762166
863,0.116443 864,2.783070 866,0.020912 867,3.359754
864,2.762166 865,0.020912 867,3.338853 868,10.364214
865,3.359754 866,3.338853 868,7.031496 869,7.036951
866,10.364214 867,7.031496 869,0.005652 870,8.753089
867,7.036951 868,0.005652 870,8.758561 871,10.501745
868,8.753089 869,8.758561 871,1.747196 872,1.378145
869,10.501745 870,1.747196 872,0.369082 873,2.827809
870,1.378145 871,0.369082 873,2.458802 874,10.160694
871,2.827809 872,2.458802 874,7.706729 875,0.049169
872,10.160694 873,7.706729 875,7.755855 876,0.000629
873,0.049169 874,7.755855 876,7.755444 877,7.755004
874,0.000629 875,7.755444 877,0.001066 878,7.639532
875,7.755004 876,0.001066 878,7.639091 879,7.719937
876,7.639532 877,7.639091 879,0.080965 880,2.771135
877,7.719937 878,0.080965 880,2.690186 881,2.755317
878,2.771135 879,2.690186 881,0.065133 882,0.251054
879,2.755317 880,0.065133 882,0.185938 883,0.192836
880,0.251054 881,0.185938 883,0.006907 884,0.304417
881,0.192836 882,0.006907 884,0.311315 885,2.974962
882,0.304417 883,0.311315 885,2.663709 886,10.129367
883,2.974962 884,2.663709 886,7.470798 887,7.664273
884,10.129367 885,7.470798 887,0.193686 888,10.027694
885,7.664273 886,0.193686 888,10.220977 889,10.376753
886,10.027694 887,10.220977 889,0.156160 890,2.615602
887,10.376753 888,0.156160 890,2.771741 891,11.831647
888,2.615602 889,2.771741 891,9.067364 892,0.703801
889,11.831647 890,9.067364 892,9.769623 893,10.289260
890,0.703801 891,9.769623 893,0.520850 894,0.440692
891,10.289260 892,0.520850 894,0.080160 895,1.277831
892,0.440692 893,0.080160 895,1.357988 896,1.669495
893,1.277831 894,1.357988 896,0.311518 897,1.232857
894,1.669495 895,0.311518 897,1.544368 898,10.433845
895,1.232857 896,1.544368 898,8.893067 899,1.495958
896,10.433845 897,8.893067 899,10.385622 900,10.233696
897,1.495958 898,10.385622 900,0.152336 901,0.221526
898,10.233696 899,0.152336 901,0.069207 902,10.032087
899,0.221526 900,0.069207 902,9.963217 903,2.475493
900,10.032087 901,9.963217 903,7.492408 904,6.839466
901,2.475493 902,7.492408 904,0.653829 905,0.025834
902,6.839466 903,0.653829 905,0.628135 906,3.367095
903,0.025834 904,0.628135 906,2.739135 907,0.042564
904,3.367095 905,2.739135 907,2.781693 908,10.443614
905,0.042564 906,2.781693 908,7.667535 909,0.021896
906,10.443614 907,7.667535 909,7.645719 910,7.723262
907,0.021896 908,7.645719 910,0.077641 911,2.837645
908,7.723262 909,0.077641 911,2.760023 912,0.030855
909,2.837645 910,2.760023 912,2.790617 913,2.809173
910,0.030855 911,2.790617 913,0.018695 914,8.376006
911,2.809173 912,0.018695 914,8.357691 915,2.524652
912,8.376006 913,8.357691 915,10.876737 916,0.735052
913,2.524652 914,10.876737 916,10.143931 917,0.086657
914,0.735052 915,10.143931 917,10.230453 918,7.025341
915,0.086657 916,10.230453 918,3.210954 919,2.649598
916,7.025341 917,3.210954 919,0.561485 920,6.992415
917,2.649598 918,0.561485 920,7.553175 921,2.652339
918,6.992415 919,7.553175 921,10.200429 922,8.781903
919,2.652339 920,10.200429 922,1.421812 923,0.249939
920,8.781903 921,1.421812 923,1.671749 924,1.595953
921,0.249939 922,1.671749 924,0.075808 925,10.401817
922,1.595953 923,0.075808 925,10.326249 926,0.266114
923,10.401817 924,10.326249 926,10.060977 927,8.767865
924,0.266114 925,10.060977 927,1.296139 928,9.953184
925,8.767865 926,1.296139 928,8.659973 929,1.292281
926,9.953184 927,8.659973 929,9.949488 930,10.039012
927,1.292281 928,9.949488 930,0.089649 931,2.425445
928,10.039012 929,0.089649 931,2.515094 932,1.382136
929,2.425445 930,2.515094 932,1.133100 933,1.002044
930,1.382136 931,1.133100 933,0.131069 934,10.372974
931,1.002044 932,0.131069 934,10.242304 935,8.723095
932,10.372974 933,10.242304 935,1.522664 936,1.522652
933,8.723095 934,1.522664 936,0.000012 937,10.242834
934,1.522652 935,0.000012 937,10.242846 938,8.912104
935,10.242834 936,10.242846 938,1.333956 939,0.008779
936,8.912104 937,1.333956 939,1.325567 940,1.324222
937,0.008779 938,1.325567 940,0.001495 941,0.469128
938,1.324222 939,0.001495 941,0.470480 942,0.218267
939,0.469128 940,0.470480 942,0.252252 943,10.705009
940,0.218267 941,0.252252 943,10.453643 944,0.223452
941,10.705009 942,10.453643 944,10.676632 945,0.075223
942,0.223452 943,10.676632 945,10.751811 946,0.014902
943,0.075223 944,10.751811 946,10.737075 947,10.484944
944,0.014902 945,10.737075 947,0.252976 948,0.449076
945,10.484944 946,0.252976 948,0.196104 949,11.931457
946,0.449076 947,0.196104 949,11.736056 950,11.736203
947,11.931457 948,11.736056 950,0.000179 951,1.432044
948,11.736203 949,0.000179 951,1.432184 952,1.522554
949,1.432044 950,1.432184 952,0.090372 953,10.417641
950,1.522554 951,0.090372 953,10.327545 954,8.925878
951,10.417641 952,10.327545 954,1.404970 955,0.182122
952,8.925878 953,1.404970 955,1.222869 956,1.779210
953,0.182122 954,1.222869 956,0.556371 957,1.087622
954,1.779210 955,0.556371 957,1.643973 958,0.444472
955,1.087622 956,1.643973 958,1.199532 959,1.559558
956,0.444472 957,1.199532 959,0.360042 960,10.346790
957,1.559558 958,0.360042 960,10.705862 961,0.355717
958,10.346790 959,10.705862 961,10.351231 962,0.256124
959,0.355717 960,10.351231 962,10.606726 963,0.006852
960,0.256124 961,10.606726 963,10.613577 964,11.032999
961,0.006852 962,10.613577 964,0.420525 965,10.595897
962,11.032999 963,0.420525 965,11.015328 966,0.347836
963,10.595897 964,11.015328 966,10.668562 967,10.442761
964,0.347836 965,10.668562 967,0.226486 968,0.226719
965,10.442761 966,0.226486 968,0.000234 969,1.061515
966,0.226719 967,0.000234 969,1.061281 970,0.167044
967,1.061515 968,1.061281 970,1.228322 971,9.061940
968,0.167044 969,1.228322 971,10.287423 972,1.495723
969,9.061940 970,10.287423 972,8.795192 973,8.908483
970,1.495723 971,8.795192 973,0.113507 974,0.037422
971,8.908483 972,0.113507 974,0.076097 975,1.379354
972,0.037422 973,0.076097 975,1.455451 976,9.167512
973,1.379354 974,1.455451 976,10.619495 977,1.376798
974,9.167512 975,10.619495 977,9.246170 978,10.627563
975,1.376798 976,9.246170 978,1.384757 979,8.996610
976,10.627563 977,1.384757 979,10.378184 980,0.183516
977,8.996610 978,10.378184 980,10.195158 981,9.126789
978,0.183516 979,10.195158 981,1.071013 982,0.250588
979,9.126789 980,1.071013 982,1.321601 983,1.270753
980,0.250588 981,1.321601 983,0.050853 984,10.357993
981,1.270753 982,0.050853 984,10.307294 985,0.019670
982,10.357993 983,10.307294 985,10.287752 986,8.874232
983,0.019670 984,10.287752 986,1.416819 987,10.287524
984,8.874232 985,1.416819 987,8.873989 988,8.959907
985,10.287524 986,8.873989 988,0.086088 989,8.878553
986,8.959907 987,0.086088 989,8.964473 990,10.193956
987,8.878553 988,8.964473 990,1.232295 991,0.002401
988,10.193956 989,1.232295 991,1.234548 992,10.020637
989,0.002401 990,1.234548 992,8.788843 993,0.056116
990,10.020637 991,8.788843 993,8.733027 994,0.088275
991,0.056116 992,8.733027 994,8.821249 995,8.881956
992,0.088275 993,8.821249 995,0.060788 996,10.309874
993,8.881956 994,0.060788 996,10.370546 997,0.061396
994,10.309874 995,10.370546 997,10.309743 998,10.309464
995,0.061396 996,10.309743 998,0.000465 999,10.264773
996,10.309464 997,0.000465 999,10.264495 0,10.309957
997,10.264773 998,10.264495 0,0.045484 1,1.379270
